p_aereo
354
430
393
305
327
347
392
423
354
379
419
876
514
515
542
509
455
507
555
599
484
612
673
1343
893
1248
1452
1323
1193
1155
1164
1055
896
847
934
1688
786
818
886
620
610
550
612
544
527
445
591
1021
704
686
644
511
486
552
584
469
465
477
542
921
685
705
797
585
546
673
735
657
528
546
608
995
662
651
647
532
551
596
627
626
580
610
702
1042
924
733
720
592
602
696
707
606
661
813
846
1207
897
882
837
752
771
907
915
806
856
911
1153
1541
1244
1387
1505
987
1140
1303
1231
1122
1181
1363
1441
1709
1323
1373
1486
1089
1189
1394
1110
1154
1137
1238
1567
1843
1609
1668
1698
1403
1346
1406
1203
1375
1324
1364
1643
2212
1772
1754
1984
1432
1618
1698
1437
1639
1872
1858
2264
2779
